2017.06.06
C11
2017-073(GK)
    
    
G302
15
3.861
20
0
0
0

1.31
1.37
1.48
1.32
1.24
1.03
0.76
0.78
0.82
0.43
0.96
0.74
0.72
0.65
0.40
0.38
1.07
1.00
0.76
0.72
0.66
0.58
0.46
0.36
0.63
5.39
1.53
0.83
1.11
3.37
2.78
3.45
1.71
2.91
2.92
2.04
3.24
1.87
1.96
1.70
1.36
1.28
1.26
1.26
1.23
1.20
1.23
1.15
1.17
1.17
1.15
1.17
1.19
1.13
1.13
0.84
1.02
1.27
2.14
1.80
1.29
1.09
0.89
1.67
1.54
0.97
0.89
0.87
0.86
1.02
1.95
1.72
1.56
1.06
1.18
1.52
0.96
1.24
0.60
0.50
0.48
0.50
0.46
0.45
0.55
0.50
1.25
0.46
0.52
0.47
0.48
0.55
0.48
0.46
0.50
0.50
0.52
0.52
0.48
0.49
0.50
0.51
0.50
0.49
0.49
0.52
0.62
0.57
0.49
0.49
0.50
0.51
0.55
0.52
0.61
0.59
0.49
0.52
1.63
0.64
0.55
0.69
0.58
0.58
0.58
0.59
0.56
0.58
0.54
0.61
0.53
0.71
0.57
0.57
0.57
0.61
0.57
0.58
0.59
0.60
0.58
0.58
0.59
0.58
0.58
0.56
0.57
0.58
0.60
0.60
0.60
0.61
0.60
0.64
0.65
0.64
0.60
0.62
0.66
0.64
0.65
0.65
0.64
0.62
0.58
0.62
0.66
0.70
0.67
0.69
0.69
0.68
0.66
0.68
0.71
0.71
1.03
0.95
0.68
0.70
0.75
0.75
0.75
0.81
0.76
0.76
0.75
0.74
0.77
0.76
0.77
0.89
0.80
0.81
0.82
0.83
0.82
0.81
0.79
0.79
0.81
0.83
0.83
0.83
0.83
0.85
0.84
0.84
0.84
1.00
0.96
0.84
0.84
0.84
0.85
1.00
0.87
0.89
0.91
1.00
1.02
0.89
0.82
0.88
0.95
0.91
0.94
0.95
0.93
0.93
0.93
0.98
0.96
1.01
0.99
0.96
1.04
1.05
1.05
1.05
1.09
0.98
0.97
1.01
1.08
1.20
1.32
1.06
1.07
1.11
1.10
1.16
1.06
1.12
1.14
1.00
1.05
1.07
1.25
1.13
1.00
1.07
1.09
1.07
1.03
1.05
1.12
1.01
1.03
1.03
1.10
1.09
1.06
1.07
1.19
1.21
1.11
1.05
1.06
1.50
1.86
2.68
2.63
2.69
2.65
2.53
2.60
2.65
2.83
2.87
2.75
2.78
2.66
2.85
3.66
5.15
5.20
6.27
6.66
9.42
8.30
8.19
4.75
3.24
2.64
4.01
5.05
8.39
7.80
7.99
7.49
5.99
7.47
9.02
9.82
9.76
9.56
9.39
9.60
9.37
9.65
8.78
8.01
9.45
10.31
9.79
9.04
10.11
9.44
10.00
10.09
10.15
10.35
10.33
10.26
11.62
11.33
13.12
10.44
7.97
7.20
6.65
9.82
10.29
9.92
10.17
10.28
11.41
12.74
9.99
9.08
10.25
10.34
10.43
8.69
7.76
8.25
9.72
8.58
8.63
8.59
8.81
8.08
5.97
9.09
9.01
9.21
9.45
9.65
8.83
8.38
8.47
8.61
8.75
8.42
10.04
11.46
10.88
10.18
10.57
11.63
12.97
13.82
14.60
17.68
13.32
14.78
17.35
18.30
14.94
15.54
18.10
17.41
16.54
15.02
19.44
19.12
18.98
15.98
18.62
21.09
19.29
17.95
21.46
23.40
19.80
21.58
21.86
20.80
17.40
21.46
21.12
21.10
21.91
21.36
20.97
23.91
16.48
11.96
10.96
18.03
20.70
21.36
19.35
19.15
15.55
14.79
15.78
16.48
19.02
17.17
17.44
17.73
17.61
25.07
26.22
24.54
24.40
24.16
18.74
22.19
19.37
19.27
19.34
16.47
18.45
20.56
22.05
18.06
14.88

