20170419
C2
17KC075
    
    
G301
15
3.656
20
0
0
0

2.57
2.04
0.90
1.42
2.11
3.09
1.63
4.89
12.61
3.15
1.69
1.75
1.64
1.11
2.14
1.73
1.20
1.16
1.14
1.37
1.42
1.22
8.01
7.86
4.79
2.85
0.81
0.66
0.77
0.73
0.62
0.58
0.57
0.67
0.68
0.47
0.53
0.73
0.93
0.98
1.00
1.23
1.51
1.65
1.82
1.21
1.71
2.15
2.46
2.63
2.33
2.47
2.36
2.29
2.32
2.47
2.53
2.66
2.90
2.94
2.11
1.92
1.87
1.83
2.00
2.20
2.37
2.32
2.14
2.71
2.95
2.96
2.55
2.38
2.65
2.86
2.54
2.31
2.31
2.16
1.86
1.69
2.04
2.23
2.15
3.12
2.94
2.57
2.39
1.69
1.68
1.80
1.76
1.77
1.75
1.67
1.66
1.82
1.77
1.58
1.53
1.61
1.84
1.55
1.66
2.00
1.82
1.84
1.80
1.80
1.73
1.70
1.59
1.56
1.75
1.83
1.75
1.81
1.68
1.40
1.34
1.92
2.00
2.32
1.40
1.43
0.97
1.23
1.20
1.01
1.10
1.01
0.84
0.87
0.85
2.33
1.86
1.17
0.98
0.97
2.35
2.86
2.40
2.39
1.65
1.36
1.12
1.31
2.12
1.37
1.60
2.94
1.78
1.38
1.33
1.63
1.17
0.90
0.92
0.87
0.91
0.96
1.15
1.39
1.26
1.06
1.05
0.99
1.00
0.97
1.02
0.87
0.84
1.02
1.08
1.16
1.05
0.98
1.20
1.65
2.42
2.57
2.36
2.51
2.83
2.97
3.25
3.25
3.07
3.02
3.13
3.33
3.41
3.47
3.50
3.48
3.42
3.33
3.31
3.30

